$ANSIBLE_VAULT;1.1;AES256
32343434346135383339663365343966336538626562306264363032376638623261396365313364
3330633866363561633431353562666537323737396338300a626335313136383563336164393433
34366431383766316162326364303961626435386433393538323432323265343739303466653530
6635323466376230650a613733316435343866323532353762386265336639613432323636366337
34643238396132616334366164613937306162326139633633663338643464383533353831313837
61623831313533356334336561663064306665643533346261343065333564396535656561376636
35303637373861333037326336333038366365643434383631303237356539343134643334303962
66313031326431386562373362303139613035653336613732613365663839343064303036376332
30323436326234373861633065633664326661663637346131383537396233336364326337636636
64613262616531343638363830376438303531633839636535623939663965373237643263306164
38633863316435353061326237663634316335393932303931616137623638623666613933316363
66376630623830633838613136346231366264633363646365343534353235366163323466323033
66326365386133613834373833643137333262396532373265626135623439303339343765633838
36333037323837333437653365313664336364383430363538653961633266633632336636633339
62616232396434313733336339633863323739393032393038363862396132383338336432613465
61623838333862316638623739373131306663643966333632386664373661306437613532353536
30663765383861333664396438383462313831326666643937663965306130366266623561303532
63353738313361373537323330353463313262303938326638356364373630336463393461623663
38616239613636363139643631313965363233326230376638343430383833333865616262303863
64383135643462303936336665383062626531323338393933333761336237323535363165393333
62643034346438313464326666316534626235346632663330393963396563636561623364656131
38336339356533666239663365376139333965623166353762666666643666633437323334616539
39373133326439623333393139663161393838373334633262616662623537343433363438353937
66356435303234303162376361306132316437643931663064636364646230616639653765303939
31336132313534393261353463386539653634626132323236633838366130386231383565636631
37643863646634663838646162313563333765313530653131343261393661346338643562386430
31303565616265333632323965353166343435623864653666623866363432626338623163323730
64643430346662306364393934663535663730326366363936306439613734323362373636386563
66366430303965393037663537346433346161663432323433646536346439616161393961666438
39316439666236366561663637396661393535363439323664663464663137383764346235626131
38386134313132323137363466613234363331303832316532613561616635376531363936613464
36653233646133326664613063663136343432646464663863343637323463326232333665373566
63646462393839616439613431613638376262643463323437333962663563646438663239393261
31663164336430623136373566613566306632653866333638303565333136653434393832393966
35633530666664343332343265346631653964653730663530653736363130373736623861663663
37643135333337666534656533623632663738356332646262363064383734323136313034336132
34666363326437393361626230353537626337663963383762383630366633356138643834373865
62306430316166373966653634353934636465643334326135346339316363363230653634633538
34663132333330336434306666316334383834383838353931316532333664356131363537623335
33366563613566656232623764303662333431353564343739633832623333616433623563333635
31333965383364343832643637343465636465333161303933303262353530336163666335623737
65346335313466393361393637333435396439353139353062663331623830313461376439343437
34626664363133626662386665646530346432306434313364663162393761363161663837343433
39623431396162613162376262373431356339373439333165386264346236663134323535383733
36313834303130383736303836306636353634333932313363636536393437396639373830333236
37653863613262303339396163316361666534343564383530323532646335653631616464323464
32663735613034663037373937626437356134323238633061656532343261653961353936303833
65323434633735323636363961373134626164636533346364373138356633316263376465323734
38643366346662393237373362386130316335333331613564333733393962373032383036383139
36396566656136343636316565643039356438373534653764303765633839613333386363323362
35303834646533626330326537656436376363323638656537376663616533653063363161663339
33613865613532393463326331653962323833316462643365323038623764643138323065333335
32346165393334653434373131396532653033356136633031303733363163323466313634616365
65396335353937363566323834376464623265393830636263356333333833373565626266306465
33343462303664373064363333316462343165353365353738643735313963373036613839666265
31643964343830613034353861623135383537356637353263353032326135383938623461386335
34396133626466393632343935393766326263636665316438623064346564623934336137333363
33343362373435653732613533376133626537623235666166333332356463353238303364323161
63633930376134376236383366396362353662383932633036336564623034666365623036636665
61646365346531326637316239613762653062616666646430643532366136353335393839666338
61376130626465363566653435376664363563323337353730373463613133643865326638343865
66613038383633306366663063383364333161376232613962663331636239373132396530343664
65643638616237643065663734633537303165623130393161303765316235333435613030323838
66633639663130636164366364323439613163386235653662316333666339353731306235663262
33363838643339346535646464313236643632393264386262373161323665333361313733663536
30626164356235653330336637396439316231326166353737643262383838613336343632326439
64613366643866343038326437643366633130323264643832376536396562383061386231663535
32303033643039616333626361303866626639633538616337303666666565376430373762616231
63366462616236623664633362356536343338316364373239353730636133633938343739393333
37316531636361373761363230643436653639633632376239316233386134363539653031383837
30616431383736343738376562383637393662383838363131303536386338393237616134346338
35366366326561636462363834336535646565656131303634646666613830303732376533346331
39386233636664316136643366313635393334646235323536363863336431636334346661636136
61616363386638363561636132313434363063343465636132373331316631393465326232646562
62316561306566343061333433343135656631646466356266306161386635353136623137363237
35636133656361396133616264653933613637313364313331666637666630373635353233366461
65386330386561613062326236653939303764383331626164646338646161643166373961323663
62333334356437613963346463626232313462333539366561373537366565333566313535366338
35656131366164306638653237353738643438633565363961636535336465643961323032333038
63643836653833343966383039333534343936326132353637383637306265363332353936343737
35313066653763343330393339343739366334636264333636316363306137313363353132633334
66353533656435323264353463343636376333376264383864623934626262626537396535376262
65333337656639333834643638643438303863613830666636373638613636336334613266313966
34623066326332306462306536383866353834623065623338353761373234306138633635613431
64363536316634643665323664653231306465623134643131336563656537336232326433343866
39383033666536643035313333326565316534623738333634623933663237373532633438333437
33633163383433663534376661366333313138386365613033643237363830633763316432613531
32646238376666393563656431353464366265643462313733663261366236656562316265326437
33623935666666333537333464613166643232613333626535366364373138643236353432386639
34333230326535643435666132343361316234376532346138626161373331373464323930643632
64386330643963306336663632393135376136633232333464626265303365326564626230376564
36393564313938336161316333376132343031613130383061613663643662386639386631613438
61643639336132623661636231663063623961393439366332303162633933303430393830623531
30393062366135656534633765366464613336353436643538336133653531316461346634633732
38613439663735623061383564326461303461373734383039396265626562363632633036623033
37303263626131386365343933303638356661316334356563653161616462383636643934356566
62363539346430626239626238396538653030666632653833343764313965363762343165353833
36666138633764353837333461386131346632373138663965343038386266303130366234383633
62383438323439626263383564653262636135333664373938336335346662303236623063323466
33353531643965303036343331636637316165393931656339643333663636626561633834366235
65303163633132643533373333353665616462636634663039386633623434626533323462313765
37646161656661353166643863653264386336663966393637333732626333613465373335383132
36396565363266316534626336323937396530626630363662396466353361383438336336636666
66656537633533623766306433316365323765373539653830363665623466366263323434373230
30333139346634386566313166623334316237356636623861366235356334663834616432633338
62643538306463346565383330343535363939663765376366356564333931653831613731363431
64326563386663303336373265333862633531313363646330626132323663326136636136663862
32336630343933663264313333636232316233653930663137393265343362613539316539666331
63343933326635393932313031623964623964636633383332363165613839666236
